{
    "w": 4032,
    "h": 3024,
    "fl_x": 3023.7203416051234,
    "fl_y": 3044.3964896109683,
    "cx": 2016.0,
    "cy": 1512.0,
    "k1": 0.06070748457381614,
    "k2": -0.07287785669450139,
    "p1": -0.0014561246865594896,
    "p2": -0.0020292346037835353,
    "camera_model": "OPENCV",
    "frames": [
        {
            "file_path": "images/frame_00038.JPG",
            "transform_matrix": [
                [
                    0.9997764488169212,
                    -0.01744796018340852,
                    -0.011942406644572055,
                    0.9936007305949136
                ],
                [
                    -0.013242333902696433,
                    -0.07639381031365458,
                    -0.9969897824644799,
                    -4.155256631097823
                ],
                [
                    0.016483112079811405,
                    0.9969250495554814,
                    -0.07660778410164873,
                    -2.993873135258619
                ],
                [
                    0.0,
                    0.0,
                    0.0,
                    1.0
                ]
            ],
            "colmap_im_id": 39
        },
        {
            "file_path": "images/frame_00030.JPG",
            "transform_matrix": [
                [
                    0.9847792011671386,
                    -0.166358222381104,
                    -0.05034746065901929,
                    0.7405056529851598
                ],
                [
                    0.031226123783914376,
                    0.4542932697278211,
                    -0.8903047535947659,
                    -2.944649632845668
                ],
                [
                    0.1709820287107508,
                    0.8751814480016153,
                    0.4525732857027153,
                    -2.043752671705602
                ],
                [
                    0.0,
                    0.0,
                    0.0,
                    1.0
                ]
            ],
            "colmap_im_id": 31
        },
        {
            "file_path": "images/frame_00031.JPG",
            "transform_matrix": [
                [
                    0.9838650060511592,
                    -0.1707209849511387,
                    -0.05351630747039393,
                    0.7984636212755846
                ],
                [
                    0.028354461085650554,
                    0.4441261013481108,
                    -0.8955155111095899,
                    -3.1346214605194276
                ],
                [
                    0.17665127909102438,
                    0.8795489476991265,
                    0.44180083091463773,
                    -2.2884239792162333
                ],
                [
                    0.0,
                    0.0,
                    0.0,
                    1.0
                ]
            ],
            "colmap_im_id": 32
        },
        {
            "file_path": "images/frame_00032.JPG",
            "transform_matrix": [
                [
                    0.9850813394072574,
                    -0.16702661357667184,
                    -0.041435070999247314,
                    0.8358135299604484
                ],
                [
                    0.028345510997308816,
                    0.3949708702606889,
                    -0.9182562516268624,
                    -3.264444635064633
                ],
                [
                    0.16973887815672925,
                    0.9033826000109938,
                    0.39381288861523034,
                    -2.61373445243866
                ],
                [
                    0.0,
                    0.0,
                    0.0,
                    1.0
                ]
            ],
            "colmap_im_id": 33
        },
        {
            "file_path": "images/frame_00033.JPG",
            "transform_matrix": [
                [
                    0.9912767280374052,
                    -0.13083386971087457,
                    -0.01590430721326443,
                    0.8724905926929925
                ],
                [
                    0.01914433413659018,
                    0.26232980316073906,
                    -0.9647883544301903,
                    -3.4786240298953373
                ],
                [
                    0.1303991676427522,
                    0.9560677658566497,
                    0.2625461562620022,
                    -2.8155177697405125
                ],
                [
                    0.0,
                    0.0,
                    0.0,
                    1.0
                ]
            ],
            "colmap_im_id": 34
        },
        {
            "file_path": "images/frame_00034.JPG",
            "transform_matrix": [
                [
                    0.9940682851889957,
                    -0.10318345478844673,
                    -0.03437177678459341,
                    0.9308184433146297
                ],
                [
                    -0.011247894569465644,
                    0.2168063554184846,
                    -0.9761498292362233,
                    -3.6946318027813927
                ],
                [
                    0.10817453142567124,
                    0.9707461969578218,
                    0.21435972532815525,
                    -2.933206094070797
                ],
                [
                    0.0,
                    0.0,
                    0.0,
                    1.0
                ]
            ],
            "colmap_im_id": 35
        },
        {
            "file_path": "images/frame_00035.JPG",
            "transform_matrix": [
                [
                    0.9968699223857214,
                    -0.07384750456802949,
                    -0.028229486565659156,
                    0.9886589324221559
                ],
                [
                    -0.018230288010897107,
                    0.13272974656732958,
                    -0.9909845967396326,
                    -3.8759374592433686
                ],
                [
                    0.07692863213216265,
                    0.9883973697077746,
                    0.1309680308816891,
                    -2.8949539586126387
                ],
                [
                    0.0,
                    0.0,
                    0.0,
                    1.0
                ]
            ],
            "colmap_im_id": 36
        },
        {
            "file_path": "images/frame_00036.JPG",
            "transform_matrix": [
                [
                    0.9992104067639311,
                    -0.03181783594391983,
                    -0.023794712238327582,
                    0.9831625224644309
                ],
                [
                    -0.02198081717578233,
                    0.05619166713126011,
                    -0.9981780102873908,
                    -4.052603217713992
                ],
                [
                    0.03309692872373274,
                    0.9979128829015363,
                    0.05544791653615751,
                    -2.9534378347926338
                ],
                [
                    0.0,
                    0.0,
                    0.0,
                    1.0
                ]
            ],
            "colmap_im_id": 37
        },
        {
            "file_path": "images/frame_00037.JPG",
            "transform_matrix": [
                [
                    0.9997519166786846,
                    -0.01511040004660427,
                    -0.016364012580295274,
                    1.0078178706898326
                ],
                [
                    -0.0166071358834396,
                    -0.016106999815519187,
                    -0.9997323479785434,
                    -4.147290629667582
                ],
                [
                    0.014842780569874812,
                    0.9997560904377499,
                    -0.016353944404335616,
                    -3.028329477075202
                ],
                [
                    0.0,
                    0.0,
                    0.0,
                    1.0
                ]
            ],
            "colmap_im_id": 38
        },
        {
            "file_path": "images/frame_00029.JPG",
            "transform_matrix": [
                [
                    0.9752666066524511,
                    -0.20724402439406167,
                    -0.07684373950795613,
                    0.6704370649103129
                ],
                [
                    0.06279842210182804,
                    0.5931355948738539,
                    -0.8026496896374906,
                    -2.5224220245896545
                ],
                [
                    0.21192310900450118,
                    0.7779717735538951,
                    0.5914799366193862,
                    -1.7811319757697004
                ],
                [
                    0.0,
                    0.0,
                    0.0,
                    1.0
                ]
            ],
            "colmap_im_id": 30
        },
        {
            "file_path": "images/frame_00039.JPG",
            "transform_matrix": [
                [
                    0.99985820307476,
                    -0.00814438856708806,
                    -0.014739154622314347,
                    0.9427434115767407
                ],
                [
                    -0.015228370361377823,
                    -0.06368685577817862,
                    -0.9978537373469252,
                    -4.05065060277335
                ],
                [
                    0.00718821815535078,
                    0.9979366980605322,
                    -0.06380185094331765,
                    -2.8173301786523783
                ],
                [
                    0.0,
                    0.0,
                    0.0,
                    1.0
                ]
            ],
            "colmap_im_id": 40
        },
        {
            "file_path": "images/frame_00040.JPG",
            "transform_matrix": [
                [
                    0.9998204185494995,
                    0.0028111699123754517,
                    -0.018741077216294973,
                    0.8952710572800103
                ],
                [
                    -0.01871098898684086,
                    -0.010372574754105121,
                    -0.9997711281008792,
                    -3.870697518244116
                ],
                [
                    -0.003004919738977331,
                    0.9999422518409222,
                    -0.01031811226281476,
                    -2.569562818303509
                ],
                [
                    0.0,
                    0.0,
                    0.0,
                    1.0
                ]
            ],
            "colmap_im_id": 41
        },
        {
            "file_path": "images/frame_00041.JPG",
            "transform_matrix": [
                [
                    0.9997514085030685,
                    0.007078113197826051,
                    -0.021142883192445477,
                    0.813804581422913
                ],
                [
                    -0.020916227272891896,
                    -0.030695346738130957,
                    -0.9993099154543071,
                    -3.513273413701912
                ],
                [
                    -0.0077222168319314825,
                    0.9995037248565831,
                    -0.030539668711627513,
                    -2.439705272319108
                ],
                [
                    0.0,
                    0.0,
                    0.0,
                    1.0
                ]
            ],
            "colmap_im_id": 42
        },
        {
            "file_path": "images/frame_00042.JPG",
            "transform_matrix": [
                [
                    0.9994617055334581,
                    0.021305910700676747,
                    -0.02494709083973089,
                    0.7522436141687026
                ],
                [
                    -0.02404790547961851,
                    -0.041465193782749,
                    -0.9988505073065751,
                    -3.291048399619052
                ],
                [
                    -0.022315855667984844,
                    0.9989127568880948,
                    -0.04093051077169459,
                    -2.3097222327848557
                ],
                [
                    0.0,
                    0.0,
                    0.0,
                    1.0
                ]
            ],
            "colmap_im_id": 43
        },
        {
            "file_path": "images/frame_00043.JPG",
            "transform_matrix": [
                [
                    0.9994956326905367,
                    -0.01301374623770482,
                    -0.02896761366429879,
                    0.6867175141212515
                ],
                [
                    -0.02844358173150617,
                    0.03879312036729467,
                    -0.9988423581679202,
                    -3.069010953457241
                ],
                [
                    0.014122425104300418,
                    0.9991625174219803,
                    0.03840339683080409,
                    -2.093304378103518
                ],
                [
                    0.0,
                    0.0,
                    0.0,
                    1.0
                ]
            ],
            "colmap_im_id": 44
        },
        {
            "file_path": "images/frame_00044.JPG",
            "transform_matrix": [
                [
                    0.9997345451755449,
                    -0.009083750682435504,
                    -0.021173678381084908,
                    0.6308984617188587
                ],
                [
                    -0.020521686012361928,
                    0.06669358371442989,
                    -0.9975624423035062,
                    -2.8445244174727895
                ],
                [
                    0.010473757007697804,
                    0.9977321541199652,
                    0.06648946570155316,
                    -1.8844017335323777
                ],
                [
                    0.0,
                    0.0,
                    0.0,
                    1.0
                ]
            ],
            "colmap_im_id": 45
        },
        {
            "file_path": "images/frame_00045.JPG",
            "transform_matrix": [
                [
                    0.9996626864181027,
                    -0.00542641301828994,
                    -0.025398177594004163,
                    0.5867676905945204
                ],
                [
                    -0.02525311733886677,
                    0.02530955863604637,
                    -0.9993606487681601,
                    -2.5809314540351314
                ],
                [
                    0.006065760299506392,
                    0.9996649340070919,
                    0.025163987533486587,
                    -1.7478460860272074
                ],
                [
                    0.0,
                    0.0,
                    0.0,
                    1.0
                ]
            ],
            "colmap_im_id": 46
        },
        {
            "file_path": "images/frame_00046.JPG",
            "transform_matrix": [
                [
                    0.9996662118466368,
                    0.005117905863626519,
                    -0.025323347562397642,
                    0.5000626540863736
                ],
                [
                    -0.0254805165254558,
                    0.03341901467948262,
                    -0.9991165661400317,
                    -2.2892432579062074
                ],
                [
                    -0.0042671032083730544,
                    0.9994283248424687,
                    0.033538266693219396,
                    -1.6151419454721583
                ],
                [
                    0.0,
                    0.0,
                    0.0,
                    1.0
                ]
            ],
            "colmap_im_id": 47
        },
        {
            "file_path": "images/frame_00028.JPG",
            "transform_matrix": [
                [
                    0.9739515456223278,
                    -0.2151098464889444,
                    -0.07173660657838318,
                    0.6004879259434552
                ],
                [
                    0.08191084900438163,
                    0.628748033116101,
                    -0.7732829518798511,
                    -2.3155434429910677
                ],
                [
                    0.2114450273599745,
                    0.7472641198372482,
                    0.6299899488155365,
                    -1.3282267176958298
                ],
                [
                    0.0,
                    0.0,
                    0.0,
                    1.0
                ]
            ],
            "colmap_im_id": 29
        },
        {
            "file_path": "images/frame_00027.JPG",
            "transform_matrix": [
                [
                    0.969393384743943,
                    -0.23487267584980792,
                    -0.07149329866380956,
                    0.5341385409160561
                ],
                [
                    0.11917091981121467,
                    0.7047422652127409,
                    -0.6993830363214167,
                    -2.048071493488925
                ],
                [
                    0.21465031443263866,
                    0.66945736665001,
                    0.7111624826662353,
                    -1.185452879714145
                ],
                [
                    0.0,
                    0.0,
                    0.0,
                    1.0
                ]
            ],
            "colmap_im_id": 28
        },
        {
            "file_path": "images/frame_00026.JPG",
            "transform_matrix": [
                [
                    0.9599800002994711,
                    -0.2595117157200887,
                    -0.10531888923191106,
                    0.47229449731432577
                ],
                [
                    0.15785683034459677,
                    0.8119880899296847,
                    -0.5619222036242202,
                    -1.7331080942145007
                ],
                [
                    0.23134307886466987,
                    0.5228087711738951,
                    0.8204580236947266,
                    -1.0300968282137222
                ],
                [
                    0.0,
                    0.0,
                    0.0,
                    1.0
                ]
            ],
            "colmap_im_id": 27
        },
        {
            "file_path": "images/frame_00047.JPG",
            "transform_matrix": [
                [
                    0.9994078107271384,
                    -0.014924466422043411,
                    -0.031004647387222445,
                    0.41502298424200845
                ],
                [
                    -0.028876752645804853,
                    0.12623211170003473,
                    -0.9915803482988069,
                    -1.9555261604302452
                ],
                [
                    0.018712589725147704,
                    0.991888458586835,
                    0.1257263882723553,
                    -1.32225311644663
                ],
                [
                    0.0,
                    0.0,
                    0.0,
                    1.0
                ]
            ],
            "colmap_im_id": 48
        },
        {
            "file_path": "images/frame_00025.JPG",
            "transform_matrix": [
                [
                    0.9567851232225626,
                    -0.266953271528732,
                    -0.11531772977340905,
                    0.40265484924221084
                ],
                [
                    0.17168584219892208,
                    0.83863753286409,
                    -0.5169246173864032,
                    -1.5052755972120728
                ],
                [
                    0.23470449413769795,
                    0.47478736218621037,
                    0.848228012470602,
                    -0.644327969690558
                ],
                [
                    0.0,
                    0.0,
                    0.0,
                    1.0
                ]
            ],
            "colmap_im_id": 26
        },
        {
            "file_path": "images/frame_00024.JPG",
            "transform_matrix": [
                [
                    0.9565675382333585,
                    -0.26260596343663506,
                    -0.12655691512394293,
                    0.347267504222197
                ],
                [
                    0.17328667604270626,
                    0.8613524637675075,
                    -0.4775391722861219,
                    -1.2182728877794664
                ],
                [
                    0.2344147450657539,
                    0.43486784329168426,
                    0.8694479203302498,
                    -0.5403180785693512
                ],
                [
                    0.0,
                    0.0,
                    0.0,
                    1.0
                ]
            ],
            "colmap_im_id": 25
        },
        {
            "file_path": "images/frame_00023.JPG",
            "transform_matrix": [
                [
                    0.9491723065669981,
                    -0.27460068442557717,
                    -0.15383886556813023,
                    0.27559715612810415
                ],
                [
                    0.19605717244024395,
                    0.8981563954819318,
                    -0.3935437388520368,
                    -0.8749743184911295
                ],
                [
                    0.2462387410238712,
                    0.3433796053464857,
                    0.9063426112961205,
                    -0.38760830923090783
                ],
                [
                    0.0,
                    0.0,
                    0.0,
                    1.0
                ]
            ],
            "colmap_im_id": 24
        },
        {
            "file_path": "images/frame_00048.JPG",
            "transform_matrix": [
                [
                    0.9988761635366799,
                    -0.020480725041045644,
                    -0.04274283355180128,
                    0.3458851491151141
                ],
                [
                    -0.03902818078685502,
                    0.15626625819783638,
                    -0.9869435939572817,
                    -1.5746436130361334
                ],
                [
                    0.0268925830427734,
                    0.9875026057943546,
                    0.1552913150393392,
                    -1.0709728531762117
                ],
                [
                    0.0,
                    0.0,
                    0.0,
                    1.0
                ]
            ],
            "colmap_im_id": 49
        },
        {
            "file_path": "images/frame_00049.JPG",
            "transform_matrix": [
                [
                    0.998624978031694,
                    -0.0308358262752931,
                    -0.04239463490960207,
                    0.2496388377165615
                ],
                [
                    -0.03593796984810493,
                    0.18607581928944736,
                    -0.9818779210263145,
                    -1.2504969442875515
                ],
                [
                    0.038165633420594605,
                    0.9820513944258116,
                    0.184711783955231,
                    -0.9411251917682765
                ],
                [
                    0.0,
                    0.0,
                    0.0,
                    1.0
                ]
            ],
            "colmap_im_id": 50
        },
        {
            "file_path": "images/frame_00022.JPG",
            "transform_matrix": [
                [
                    0.9469449723260818,
                    -0.28769055612654854,
                    -0.1432807150385337,
                    0.18897138909613437
                ],
                [
                    0.210285156601787,
                    0.8917389324447246,
                    -0.40072662661134073,
                    -0.5845423288821112
                ],
                [
                    0.24305425793291122,
                    0.34933625674690605,
                    0.9049247523538859,
                    0.004977917429949245
                ],
                [
                    0.0,
                    0.0,
                    0.0,
                    1.0
                ]
            ],
            "colmap_im_id": 23
        },
        {
            "file_path": "images/frame_00021.JPG",
            "transform_matrix": [
                [
                    0.9486568643744249,
                    -0.28607712984383576,
                    -0.1349445421482364,
                    0.09735031169736463
                ],
                [
                    0.22414559591299102,
                    0.9090186579594668,
                    -0.35134574327061346,
                    -0.24260131744725394
                ],
                [
                    0.2231790884202508,
                    0.30305932630737964,
                    0.9264697184636003,
                    0.1748820208254788
                ],
                [
                    0.0,
                    0.0,
                    0.0,
                    1.0
                ]
            ],
            "colmap_im_id": 22
        },
        {
            "file_path": "images/frame_00020.JPG",
            "transform_matrix": [
                [
                    0.9490860062999948,
                    -0.28151641075733214,
                    -0.14136570701494483,
                    0.02935233525643028
                ],
                [
                    0.24093954477003054,
                    0.937802257442646,
                    -0.24995011842663267,
                    0.062059170451965066
                ],
                [
                    0.2029381393714267,
                    0.20316357057746923,
                    0.957883435068525,
                    0.3451506668121082
                ],
                [
                    0.0,
                    0.0,
                    0.0,
                    1.0
                ]
            ],
            "colmap_im_id": 21
        },
        {
            "file_path": "images/frame_00050.JPG",
            "transform_matrix": [
                [
                    0.9979863476010752,
                    -0.04541657725928615,
                    -0.04427848813947109,
                    0.15077442364970695
                ],
                [
                    -0.030479056281511558,
                    0.26883197034840806,
                    -0.9627047308737925,
                    -0.8551646617953237
                ],
                [
                    0.0556262269981925,
                    0.9621157447150752,
                    0.2669063817920089,
                    -0.6086552317854816
                ],
                [
                    0.0,
                    0.0,
                    0.0,
                    1.0
                ]
            ],
            "colmap_im_id": 51
        },
        {
            "file_path": "images/frame_00019.JPG",
            "transform_matrix": [
                [
                    0.9449995045334224,
                    -0.28527962136103474,
                    -0.15997335424279557,
                    -0.05015799914318666
                ],
                [
                    0.2467519358336726,
                    0.94287958118544,
                    -0.22381147769027526,
                    0.33902931052944296
                ],
                [
                    0.2146844628610125,
                    0.17202800068498755,
                    0.9614140358796539,
                    0.6921390314109401
                ],
                [
                    0.0,
                    0.0,
                    0.0,
                    1.0
                ]
            ],
            "colmap_im_id": 20
        },
        {
            "file_path": "images/frame_00051.JPG",
            "transform_matrix": [
                [
                    0.9978712348174134,
                    -0.044736094781337436,
                    -0.04745187612398341,
                    0.07510364451581447
                ],
                [
                    -0.03338228010663412,
                    0.2746772493163164,
                    -0.9609568315397442,
                    -0.5628091047825549
                ],
                [
                    0.05602340670517007,
                    0.9604952319151496,
                    0.2725991331046555,
                    -0.36918484110635574
                ],
                [
                    0.0,
                    0.0,
                    0.0,
                    1.0
                ]
            ],
            "colmap_im_id": 52
        },
        {
            "file_path": "images/frame_00052.JPG",
            "transform_matrix": [
                [
                    0.9974373596469189,
                    -0.06078774117832877,
                    -0.03773014846272686,
                    -0.01605067322033035
                ],
                [
                    -0.019412354256253633,
                    0.27763551066859893,
                    -0.9604903350466447,
                    -0.14852737699955315
                ],
                [
                    0.06886126692715296,
                    0.9587613747634095,
                    0.2757439975393202,
                    -0.25097123180940434
                ],
                [
                    0.0,
                    0.0,
                    0.0,
                    1.0
                ]
            ],
            "colmap_im_id": 53
        },
        {
            "file_path": "images/frame_00053.JPG",
            "transform_matrix": [
                [
                    0.9963443602987251,
                    -0.06531710103861378,
                    -0.05505989477683195,
                    -0.06100519872720591
                ],
                [
                    -0.0347302473323795,
                    0.2791497493171833,
                    -0.9596193137783261,
                    0.019758475059810324
                ],
                [
                    0.07804950750104728,
                    0.9580235350804619,
                    0.2758607993368734,
                    -0.1855500020535687
                ],
                [
                    0.0,
                    0.0,
                    0.0,
                    1.0
                ]
            ],
            "colmap_im_id": 54
        },
        {
            "file_path": "images/frame_00054.JPG",
            "transform_matrix": [
                [
                    0.994904641607145,
                    -0.08548662430822374,
                    -0.053448958576784084,
                    -0.12910642577779274
                ],
                [
                    -0.016947230405039183,
                    0.3807952582463656,
                    -0.9245040630947396,
                    0.32356924326309144
                ],
                [
                    0.09938584149745217,
                    0.9206991953735315,
                    0.3774062084126001,
                    0.047402031187331196
                ],
                [
                    0.0,
                    0.0,
                    0.0,
                    1.0
                ]
            ],
            "colmap_im_id": 55
        },
        {
            "file_path": "images/frame_00055.JPG",
            "transform_matrix": [
                [
                    0.995512403729805,
                    -0.0754807680610847,
                    -0.057076331986335334,
                    -0.17818153369982107
                ],
                [
                    -0.021192209731355847,
                    0.41000216978512366,
                    -0.9118383140766748,
                    0.5576667041300439
                ],
                [
                    0.09222767625180553,
                    0.9089559254575547,
                    0.4065626413097898,
                    0.23073801282625023
                ],
                [
                    0.0,
                    0.0,
                    0.0,
                    1.0
                ]
            ],
            "colmap_im_id": 56
        },
        {
            "file_path": "images/frame_00056.JPG",
            "transform_matrix": [
                [
                    0.9959676549003239,
                    -0.0666039531710884,
                    -0.06010277709335031,
                    -0.22204243124031844
                ],
                [
                    -0.03162987987644461,
                    0.36623084472632533,
                    -0.9299863004743908,
                    0.7714702577194258
                ],
                [
                    0.08395225483184579,
                    0.9281373183926104,
                    0.362647400536145,
                    0.31327812815420947
                ],
                [
                    0.0,
                    0.0,
                    0.0,
                    1.0
                ]
            ],
            "colmap_im_id": 57
        },
        {
            "file_path": "images/frame_00057.JPG",
            "transform_matrix": [
                [
                    0.9942288254984785,
                    -0.08598561098851625,
                    -0.06415229731543376,
                    -0.3012984354782603
                ],
                [
                    -0.025288846914952253,
                    0.3932904714588821,
                    -0.9190664172307474,
                    1.0429112436688608
                ],
                [
                    0.10425697468096977,
                    0.9153846621844729,
                    0.38884624656513,
                    0.40972688237352334
                ],
                [
                    0.0,
                    0.0,
                    0.0,
                    1.0
                ]
            ],
            "colmap_im_id": 58
        },
        {
            "file_path": "images/frame_00058.JPG",
            "transform_matrix": [
                [
                    0.9932992746721967,
                    -0.086989753052346,
                    -0.07608767179760309,
                    -0.34385717145368877
                ],
                [
                    -0.028512248373110376,
                    0.45356248611970434,
                    -0.8907682767575544,
                    1.2487061545225766
                ],
                [
                    0.11199822600558444,
                    0.8869689138007063,
                    0.44804301503627664,
                    0.5132088622180024
                ],
                [
                    0.0,
                    0.0,
                    0.0,
                    1.0
                ]
            ],
            "colmap_im_id": 59
        },
        {
            "file_path": "images/frame_00059.JPG",
            "transform_matrix": [
                [
                    0.9904101341482716,
                    -0.11404721456692932,
                    -0.07798076061393314,
                    -0.4111070449232499
                ],
                [
                    -0.006788515536400582,
                    0.5235763728126496,
                    -0.8519516992700711,
                    1.4656207966614847
                ],
                [
                    0.13799160203872846,
                    0.8443109703668868,
                    0.5177811343462708,
                    0.6745830358708358
                ],
                [
                    0.0,
                    0.0,
                    0.0,
                    1.0
                ]
            ],
            "colmap_im_id": 60
        },
        {
            "file_path": "images/frame_00060.JPG",
            "transform_matrix": [
                [
                    0.9941914725205235,
                    -0.08190284907846745,
                    -0.06982291371965878,
                    -0.4461001647180127
                ],
                [
                    -0.022409994140922897,
                    0.47700127722008934,
                    -0.8786168526115392,
                    1.6621171708202276
                ],
                [
                    0.10526684250074633,
                    0.8750781135665736,
                    0.47239515982563773,
                    0.8732663424085794
                ],
                [
                    0.0,
                    0.0,
                    0.0,
                    1.0
                ]
            ],
            "colmap_im_id": 61
        },
        {
            "file_path": "images/frame_00061.JPG",
            "transform_matrix": [
                [
                    0.9957976341961621,
                    -0.07713582113840801,
                    -0.04936736600863111,
                    -0.5577161938900834
                ],
                [
                    -0.013987553905518273,
                    0.4046297092872565,
                    -0.9143736362657502,
                    2.0640663839927123
                ],
                [
                    0.09050646421702067,
                    0.9112216324579953,
                    0.4018503657775108,
                    1.0029190004844695
                ],
                [
                    0.0,
                    0.0,
                    0.0,
                    1.0
                ]
            ],
            "colmap_im_id": 62
        },
        {
            "file_path": "images/frame_00062.JPG",
            "transform_matrix": [
                [
                    0.996779561516182,
                    -0.06584369899506316,
                    -0.045772404855495066,
                    -0.6114084132590043
                ],
                [
                    -0.019242325081701324,
                    0.3577266484758893,
                    -0.9336280725726159,
                    2.3001359217198827
                ],
                [
                    0.07784753476545009,
                    0.931502148292131,
                    0.3553076259498056,
                    1.1141308888532289
                ],
                [
                    0.0,
                    0.0,
                    0.0,
                    1.0
                ]
            ],
            "colmap_im_id": 63
        },
        {
            "file_path": "images/frame_00063.JPG",
            "transform_matrix": [
                [
                    0.9938242046995727,
                    -0.1023452906905411,
                    -0.04288229969032062,
                    -0.6901963896274506
                ],
                [
                    -0.0004001634989329964,
                    0.38313744455452076,
                    -0.9236912571034791,
                    2.6217595350762797
                ],
                [
                    0.11096526493653748,
                    0.9180038889098999,
                    0.3807303112754012,
                    1.3423442752358945
                ],
