{
    "w": 4032,
    "h": 3024,
    "fl_x": 3022.675037044862,
    "fl_y": 3043.9487125978667,
    "cx": 2016.0,
    "cy": 1512.0,
    "k1": 0.06007791986257158,
    "k2": -0.07188272814729522,
    "p1": -0.0014468817747607557,
    "p2": -0.001976962835764704,
    "camera_model": "OPENCV",
    "frames": [
        {
            "file_path": "images/frame_00038.JPG",
            "transform_matrix": [
                [
                    0.9969910951441596,
                    -0.07751445137191416,
                    -0.0005157826676728927,
                    1.203341279398189
                ],
                [
                    -0.003796645319907631,
                    -0.04218441463377589,
                    -0.9991026276846241,
                    -4.249795647712863
                ],
                [
                    0.07742313405929743,
                    0.9960983811805523,
                    -0.04235178062276992,
                    -2.784300135918065
                ],
                [
                    0.0,
                    0.0,
                    0.0,
                    1.0
                ]
            ],
            "colmap_im_id": 39
        },
        {
            "file_path": "images/frame_00030.JPG",
            "transform_matrix": [
                [
                    0.9723161102873028,
                    -0.22241871433829818,
                    -0.071633073282303,
                    0.8848784805980927
                ],
                [
                    0.04595159533558471,
                    0.4825731605112691,
                    -0.8746494129880152,
                    -3.0083327107018962
                ],
                [
                    0.22910659650451784,
                    0.8471440611054671,
                    0.47943415311370197,
                    -1.8937385424047193
                ],
                [
                    0.0,
                    0.0,
                    0.0,
                    1.0
                ]
            ],
            "colmap_im_id": 31
        },
        {
            "file_path": "images/frame_00031.JPG",
            "transform_matrix": [
                [
                    0.9710788048475563,
                    -0.22694994679784636,
                    -0.07415980329191985,
                    0.9588225865443237
                ],
                [
                    0.04322279352166145,
                    0.4725732871471663,
                    -0.8802308097283948,
                    -3.206109971465108
                ],
                [
                    0.23481427745353428,
                    0.8515680888357525,
                    0.46871531357594665,
                    -2.127809220066566
                ],
                [
                    0.0,
                    0.0,
                    0.0,
                    1.0
                ]
            ],
            "colmap_im_id": 32
        },
        {
            "file_path": "images/frame_00032.JPG",
            "transform_matrix": [
                [
                    0.9727163138147203,
                    -0.22435632323143503,
                    -0.059052629617775264,
                    1.016713943450259
                ],
                [
                    0.04296219038579337,
                    0.4243351250582266,
                    -0.904485462480782,
                    -3.3468079288273027
                ],
                [
                    0.22798513775234813,
                    0.8772707346468882,
                    0.42239653774167213,
                    -2.4457164921603587
                ],
                [
                    0.0,
                    0.0,
                    0.0,
                    1.0
                ]
            ],
            "colmap_im_id": 33
        },
        {
            "file_path": "images/frame_00033.JPG",
            "transform_matrix": [
                [
                    0.9813575880870691,
                    -0.19052383057302646,
                    -0.025257756980999475,
                    1.0671086538396564
                ],
                [
                    0.03247885774532733,
                    0.293934070504919,
                    -0.9552737230741606,
                    -3.567666218227102
                ],
                [
                    0.1894265242870948,
                    0.9366447737430611,
                    0.294642426877598,
                    -2.637333929885803
                ],
                [
                    0.0,
                    0.0,
                    0.0,
                    1.0
                ]
            ],
            "colmap_im_id": 34
        },
        {
            "file_path": "images/frame_00034.JPG",
            "transform_matrix": [
                [
                    0.9857013119611224,
                    -0.163497967191883,
                    -0.04075951817973268,
                    1.1337573450207383
                ],
                [
                    0.0012900967682103592,
                    0.24920896788984095,
                    -0.9684488762828984,
                    -3.787189471728441
                ],
                [
                    0.16849706005877566,
                    0.9545487441966504,
                    0.24585653480057668,
                    -2.743723062677834
                ],
                [
                    0.0,
                    0.0,
                    0.0,
                    1.0
                ]
            ],
            "colmap_im_id": 35
        },
        {
            "file_path": "images/frame_00035.JPG",
            "transform_matrix": [
                [
                    0.9904464135493659,
                    -0.1347170576343651,
                    -0.029448535948966358,
                    1.190492110234271
                ],
                [
                    -0.006734084515140445,
                    0.16604654469395325,
                    -0.9860949229668217,
                    -3.9667034045640626
                ],
                [
                    0.13773363421089765,
                    0.9768724888016542,
                    0.16355300862264963,
                    -2.6956324558652427
                ],
                [
                    0.0,
                    0.0,
                    0.0,
                    1.0
                ]
            ],
            "colmap_im_id": 36
        },
        {
            "file_path": "images/frame_00036.JPG",
            "transform_matrix": [
                [
                    0.9954731443134722,
                    -0.09282895103223174,
                    -0.020396195745895657,
                    1.1896573789650424
                ],
                [
                    -0.011989762850130493,
                    0.0902308816838882,
                    -0.9958487001434234,
                    -4.145593080751718
                ],
                [
                    0.09428395694627477,
                    0.9915851823422958,
                    0.08870942239553421,
                    -2.7482308815507115
                ],
                [
                    0.0,
                    0.0,
                    0.0,
                    1.0
                ]
            ],
            "colmap_im_id": 37
        },
        {
            "file_path": "images/frame_00037.JPG",
            "transform_matrix": [
                [
                    0.9970904127953225,
                    -0.0757456635583143,
                    -0.008561726681218866,
                    1.2196741227942274
                ],
                [
                    -0.0072035839439177005,
                    0.018185386643238356,
                    -0.9998086817441618,
                    -4.242781807003274
                ],
                [
                    0.07588687034010673,
                    0.9969613263134867,
                    0.01758683442911901,
                    -2.818151812719931
                ],
                [
                    0.0,
                    0.0,
                    0.0,
                    1.0
                ]
            ],
            "colmap_im_id": 38
        },
        {
            "file_path": "images/frame_00029.JPG",
            "transform_matrix": [
                [
                    0.9601071368532216,
                    -0.25829695810089115,
                    -0.1071306081348174,
                    0.795998894496928
                ],
                [
                    0.07883564973558878,
                    0.617598596768353,
                    -0.782532372238062,
                    -2.5776898047593253
                ],
                [
                    0.2682894446195692,
                    0.742869204305568,
                    0.6133238289844405,
                    -1.6506174759271315
                ],
                [
                    0.0,
                    0.0,
                    0.0,
                    1.0
                ]
            ],
            "colmap_im_id": 30
        },
        {
            "file_path": "images/frame_00039.JPG",
            "transform_matrix": [
                [
                    0.997650739271918,
                    -0.06838690159319645,
                    -0.004029158805254569,
                    1.141313125771848
                ],
                [
                    -0.006051010006778895,
                    -0.029383541273055164,
                    -0.9995498950928626,
                    -4.139054416074823
                ],
                [
                    0.06823772935915554,
                    0.9972260722588119,
                    -0.02972832149936344,
                    -2.6148400426483813
                ],
                [
                    0.0,
                    0.0,
                    0.0,
                    1.0
                ]
            ],
            "colmap_im_id": 40
        },
        {
            "file_path": "images/frame_00040.JPG",
            "transform_matrix": [
                [
                    0.9982554279929539,
                    -0.05795664655240999,
                    -0.011275087715996735,
                    1.0775201500391718
                ],
                [
                    -0.009897360372924786,
                    0.024004025202880325,
                    -0.9996628676867557,
                    -3.9506924172083235
                ],
                [
                    0.058207754983789356,
                    0.9980304774376675,
                    0.02338853063551952,
                    -2.3769301757149885
                ],
                [
                    0.0,
                    0.0,
                    0.0,
                    1.0
                ]
            ],
            "colmap_im_id": 41
        },
        {
            "file_path": "images/frame_00041.JPG",
            "transform_matrix": [
                [
                    0.9984892450376117,
                    -0.05352145831488909,
                    -0.012437083422876445,
                    0.9857898789538128
                ],
                [
                    -0.01225266048959794,
                    0.0037725351206407834,
                    -0.9999178167678032,
                    -3.589892752344645
                ],
                [
                    0.05356397908246403,
                    0.9985595733248023,
                    0.003111055486845987,
                    -2.2643928182336497
                ],
                [
                    0.0,
                    0.0,
                    0.0,
                    1.0
                ]
            ],
            "colmap_im_id": 42
        },
        {
            "file_path": "images/frame_00042.JPG",
            "transform_matrix": [
                [
                    0.9991075998831813,
                    -0.039237711236463566,
                    -0.01563348561878258,
                    0.9147542870118317
                ],
                [
                    -0.01591742117955619,
                    -0.006934333649428493,
                    -0.9998492639992447,
                    -3.36344240997149
                ],
                [
                    0.03912338889540882,
                    0.9992058431743492,
                    -0.007552708625142279,
                    -2.1463148453447083
                ],
                [
                    0.0,
                    0.0,
                    0.0,
                    1.0
                ]
            ],
            "colmap_im_id": 43
        },
        {
            "file_path": "images/frame_00043.JPG",
            "transform_matrix": [
                [
                    0.9969551839669382,
                    -0.07404430248650433,
                    -0.024449998583548894,
                    0.8346356228985445
                ],
                [
                    -0.019032853214713614,
                    0.07300247944852946,
                    -0.9971501333765513,
                    -3.1346436662997132
                ],
                [
                    0.0756181966193036,
                    0.9945793478972172,
                    0.07137092598803985,
                    -1.941858840873364
                ],
                [
                    0.0,
                    0.0,
                    0.0,
                    1.0
                ]
            ],
            "colmap_im_id": 44
        },
        {
            "file_path": "images/frame_00044.JPG",
            "transform_matrix": [
                [
                    0.9973598448510979,
                    -0.0702487923854023,
                    -0.018396930368586823,
                    0.7645869281836316
                ],
                [
                    -0.011246942535760718,
                    0.10085176264762667,
                    -0.9948378904396757,
                    -2.9033593156734656
                ],
                [
                    0.07174152327760602,
                    0.9924182732795983,
                    0.09979541421603147,
                    -1.7445799164732165
                ],
                [
                    0.0,
                    0.0,
                    0.0,
                    1.0
                ]
            ],
            "colmap_im_id": 45
        },
        {
            "file_path": "images/frame_00045.JPG",
            "transform_matrix": [
                [
                    0.9975854540973238,
                    -0.06646727609165076,
                    -0.020133628147767008,
                    0.710201916455843
                ],
                [
                    -0.01617200185622328,
                    0.05961176685339294,
                    -0.9980906289553966,
                    -2.635707645512344
                ],
                [
                    0.0675405665463253,
                    0.996006294388531,
                    0.05839292259365352,
                    -1.6199627043990625
                ],
                [
                    0.0,
                    0.0,
                    0.0,
                    1.0
                ]
            ],
            "colmap_im_id": 46
        },
        {
            "file_path": "images/frame_00046.JPG",
            "transform_matrix": [
                [
                    0.99821999524182,
                    -0.0559813605906361,
                    -0.0205652222414865,
                    0.613505834449584
                ],
                [
                    -0.016749999583452267,
                    0.06778758696564934,
                    -0.9975591614372197,
                    -2.339835806324602
                ],
                [
                    0.05723878591807222,
                    0.9961279688472741,
                    0.0667292369717307,
                    -1.502971804429951
                ],
                [
                    0.0,
                    0.0,
                    0.0,
                    1.0
                ]
            ],
            "colmap_im_id": 47
        },
        {
            "file_path": "images/frame_00028.JPG",
            "transform_matrix": [
                [
                    0.9586921057189598,
                    -0.2645104539404655,
                    -0.10461197918190743,
                    0.6969492935267297
                ],
                [
                    0.09785856047176682,
                    0.652030407758287,
                    -0.7518510819975959,
                    -2.35592367056762
                ],
                [
                    0.26708266243719475,
                    0.7105565192965095,
                    0.6509810168589316,
                    -1.209954689403664
                ],
                [
                    0.0,
                    0.0,
                    0.0,
                    1.0
                ]
            ],
            "colmap_im_id": 29
        },
        {
            "file_path": "images/frame_00027.JPG",
            "transform_matrix": [
                [
                    0.9536912276633239,
                    -0.28002399212846657,
                    -0.10981623791798013,
                    0.6201095126313617
                ],
                [
                    0.1351639808122578,
                    0.7251315825044086,
                    -0.6752146964822637,
                    -2.0841128345646736
                ],
                [
                    0.26870753723891994,
                    0.6291031329496686,
                    0.7294007866351024,
                    -1.0807469356775545
                ],
                [
                    0.0,
                    0.0,
                    0.0,
                    1.0
                ]
            ],
            "colmap_im_id": 28
        },
        {
            "file_path": "images/frame_00026.JPG",
            "transform_matrix": [
                [
                    0.9430141903811691,
                    -0.2964329142869533,
                    -0.15116799948101495,
                    0.5466997981417788
                ],
                [
                    0.17431238571729604,
                    0.8270523332215877,
                    -0.5344152227418981,
                    -1.764437194135342
                ],
                [
                    0.2834421085959053,
                    0.4776106839676764,
                    0.8315940149103017,
                    -0.9403567371411264
                ],
                [
                    0.0,
                    0.0,
                    0.0,
                    1.0
                ]
            ],
            "colmap_im_id": 27
        },
        {
            "file_path": "images/frame_00047.JPG",
            "transform_matrix": [
                [
                    0.9965867263744295,
                    -0.07613527004043459,
                    -0.031911086947460005,
                    0.5082715611010886
                ],
                [
                    -0.019367438135072593,
                    0.16013452458377278,
                    -0.986905181046494,
                    -1.9968776152954624
                ],
                [
                    0.08024835920056175,
                    0.9841546396233669,
                    0.15811339650206252,
                    -1.2272405202541572
                ],
                [
                    0.0,
                    0.0,
                    0.0,
                    1.0
                ]
            ],
            "colmap_im_id": 48
        },
        {
            "file_path": "images/frame_00025.JPG",
            "transform_matrix": [
                [
                    0.9395280137878506,
                    -0.30109940889600156,
                    -0.16317554127483422,
                    0.4519699757007325
                ],
                [
                    0.18818322726676565,
                    0.8519768754872477,
                    -0.48859234194822554,
                    -1.5239010013231944
                ],
                [
                    0.2861366531629974,
                    0.42833929261447096,
                    0.8571180001138776,
                    -0.5673536279760872
                ],
                [
                    0.0,
                    0.0,
                    0.0,
                    1.0
                ]
            ],
            "colmap_im_id": 26
        },
        {
            "file_path": "images/frame_00024.JPG",
            "transform_matrix": [
                [
                    0.9393173777172011,
                    -0.2944841212066675,
                    -0.17596012694817442,
                    0.3883109557811434
                ],
                [
                    0.18976440040521522,
                    0.8733475423026205,
                    -0.448612909636829,
                    -1.2337673429610025
                ],
                [
                    0.28578372286981296,
                    0.387998933904604,
                    0.8762331259610999,
                    -0.476827754591132
                ],
                [
                    0.0,
                    0.0,
                    0.0,
                    1.0
                ]
            ],
            "colmap_im_id": 25
        },
        {
            "file_path": "images/frame_00023.JPG",
            "transform_matrix": [
                [
                    0.9310602163630309,
                    -0.3011491824843332,
                    -0.20600010532774893,
                    0.30508700725964366
                ],
                [
                    0.21286938266959896,
                    0.9068848323011431,
                    -0.36365715566174606,
                    -0.8858053370071978
                ],
                [
                    0.2963334261062861,
                    0.2947355947813994,
                    0.9084698287455477,
                    -0.3406240376974294
                ],
                [
                    0.0,
                    0.0,
                    0.0,
                    1.0
                ]
            ],
            "colmap_im_id": 24
        },
        {
            "file_path": "images/frame_00048.JPG",
            "transform_matrix": [
                [
                    0.9956304499021522,
                    -0.08164409420835479,
                    -0.04532382495482087,
                    0.4220899684114028
                ],
                [
                    -0.029102653097139875,
                    0.18989814402003077,
                    -0.9813723709583713,
                    -1.6073502437183154
                ],
                [
                    0.08873016854681098,
                    0.9784032587735207,
                    0.18669231481507095,
                    -0.9939253530786297
                ],
                [
                    0.0,
                    0.0,
                    0.0,
                    1.0
                ]
            ],
            "colmap_im_id": 49
        },
        {
            "file_path": "images/frame_00049.JPG",
            "transform_matrix": [
                [
                    0.9946736669055078,
                    -0.09184691022008626,
                    -0.046780780752084,
                    0.3158344273451965
                ],
                [
                    -0.025611946053601373,
                    0.21938531785941207,
                    -0.9753020611723693,
                    -1.279615621009507
                ],
                [
                    0.09984149730497109,
                    0.9713054243597881,
                    0.21586442047070495,
                    -0.8815238009018588
                ],
                [
                    0.0,
                    0.0,
                    0.0,
                    1.0
                ]
            ],
            "colmap_im_id": 50
        },
        {
            "file_path": "images/frame_00022.JPG",
            "transform_matrix": [
                [
                    0.9289343444719602,
                    -0.3145297739587431,
                    -0.19532538225717566,
                    0.19262071473862383
                ],
                [
                    0.22694873818085748,
                    0.900550411480927,
                    -0.3708142751023073,
                    -0.582654725496538
                ],
                [
                    0.29253248349297273,
                    0.30013326652504724,
                    0.9079343414732359,
                    0.03604074388520424
                ],
                [
                    0.0,
                    0.0,
                    0.0,
                    1.0
                ]
            ],
            "colmap_im_id": 23
        },
        {
            "file_path": "images/frame_00021.JPG",
            "transform_matrix": [
                [
                    0.9317645032178183,
                    -0.3102317995303378,
                    -0.18860313121319136,
                    0.08851315917975884
                ],
                [
                    0.24015386297150745,
                    0.916239718371719,
                    -0.320672575344346,
                    -0.23570337589996854
                ],
                [
                    0.27228850993590314,
                    0.25349755233193305,
                    0.9282230110908717,
                    0.18833311221180554
                ],
                [
                    0.0,
                    0.0,
                    0.0,
                    1.0
                ]
            ],
            "colmap_im_id": 22
        },
        {
            "file_path": "images/frame_00020.JPG",
            "transform_matrix": [
                [
                    0.9332988049152466,
                    -0.29979808099956257,
                    -0.19767258629549986,
                    0.007949423616851392
                ],
                [
                    0.256227219437884,
                    0.9416310715696242,
                    -0.21835415515572673,
                    0.07416164786293289
                ],
                [
                    0.2515968059473382,
                    0.153140574909527,
                    0.9556395824543249,
                    0.34356400799002745
                ],
                [
                    0.0,
                    0.0,
                    0.0,
                    1.0
                ]
            ],
            "colmap_im_id": 21
        },
        {
            "file_path": "images/frame_00050.JPG",
            "transform_matrix": [
                [
                    0.9929266989064373,
                    -0.10581124956134084,
                    -0.05385675505479966,
                    0.19385453633717445
                ],
                [
                    -0.01960521961965266,
                    0.3012647302888504,
                    -0.9533389731085431,
                    -0.8738867160517114
                ],
                [
                    0.11709912878595734,
                    0.9476515930183697,
                    0.2970593413567665,
                    -0.5694684811228555
                ],
                [
                    0.0,
                    0.0,
                    0.0,
                    1.0
                ]
            ],
            "colmap_im_id": 51
        },
        {
            "file_path": "images/frame_00019.JPG",
            "transform_matrix": [
                [
                    0.9284538084586029,
                    -0.30170483890339894,
                    -0.21667421568103126,
                    -0.09457991805426838
                ],
                [
                    0.2623910804685249,
                    0.9455994634293178,
                    -0.1923345409767724,
                    0.36219734489809546
                ],
                [
                    0.26291528378790774,
                    0.12172035550580557,
                    0.9571100817598065,
                    0.6754145488097238
                ],
                [
                    0.0,
                    0.0,
                    0.0,
                    1.0
                ]
            ],
            "colmap_im_id": 20
        },
        {
            "file_path": "images/frame_00051.JPG",
            "transform_matrix": [
                [
                    0.9928095794441986,
                    -0.10506012456549677,
                    -0.057371675852425204,
                    0.10166859726764181
                ],
                [
                    -0.02248937335635331,
                    0.3070388387348356,
                    -0.9514312269388693,
                    -0.5738196816087643
                ],
                [
                    0.11757281594770108,
                    0.9458802893255817,
                    0.30246836399114885,
                    -0.3451683794387892
                ],
                [
                    0.0,
                    0.0,
                    0.0,
                    1.0
                ]
            ],
            "colmap_im_id": 52
        },
        {
            "file_path": "images/frame_00052.JPG",
            "transform_matrix": [
                [
                    0.9915012841869568,
                    -0.12100741025641565,
                    -0.047774576069819295,
                    0.0008073729457752839
                ],
                [
                    -0.008005359163140852,
                    0.30977891742597086,
                    -0.9507749137114749,
                    -0.1563908401881736
                ],
                [
                    0.12985036650038598,
                    0.9430770005579762,
                    0.3061774866613912,
                    -0.24705175463048612
                ],
                [
                    0.0,
                    0.0,
                    0.0,
                    1.0
                ]
            ],
            "colmap_im_id": 53
        },
        {
            "file_path": "images/frame_00053.JPG",
            "transform_matrix": [
                [
                    0.989961328794693,
                    -0.12548377654814372,
                    -0.06504144305180451,
                    -0.04911758340527137
                ],
                [
                    -0.022972160847631682,
                    0.31121097242841145,
                    -0.9500631613035805,
                    0.013732569537607804
                ],
                [
                    0.13945912417994072,
                    0.9420199320945275,
                    0.3052041943020865,
                    -0.19031216955750807
                ],
                [
                    0.0,
                    0.0,
                    0.0,
                    1.0
                ]
            ],
            "colmap_im_id": 54
        },
        {
            "file_path": "images/frame_00054.JPG",
            "transform_matrix": [
                [
                    0.9870995220032144,
                    -0.14405663207385125,
                    -0.06987288756423808,
                    -0.13354440188629654
                ],
                [
                    -0.004487823755972032,
                    0.4113452530317485,
                    -0.9114685634985895,
                    0.32489749471406976
                ],
                [
                    0.16004497211396845,
                    0.9000237605551232,
                    0.4053922018703039,
                    0.027608184679049377
                ],
                [
                    0.0,
                    0.0,
                    0.0,
                    1.0
                ]
            ],
            "colmap_im_id": 55
        },
        {
            "file_path": "images/frame_00055.JPG",
            "transform_matrix": [
                [
                    0.9881632985290639,
                    -0.13355872921865178,
                    -0.07546761749027829,
                    -0.19574449270672897
                ],
                [
                    -0.009066867012654342,
                    0.4402398811579891,
                    -0.8978344162263855,
                    0.5649881955270107
                ],
                [
                    0.15313747863516278,
                    0.887891273122728,
                    0.43381793387291706,
                    0.19952957643040925
                ],
                [
                    0.0,
                    0.0,
                    0.0,
                    1.0
                ]
            ],
            "colmap_im_id": 56
        },
        {
            "file_path": "images/frame_00056.JPG",
            "transform_matrix": [
                [
                    0.989200192186918,
                    -0.12557940680515986,
                    -0.07558301637159436,
                    -0.2457900420174567
                ],
                [
                    -0.019678465725975435,
                    0.39721849495314604,
                    -0.9175130654403941,
                    0.7811487231948337
                ],
                [
                    0.1452437185011322,
                    0.9090914584647803,
                    0.3904574014951467,
                    0.27191056199037666
                ],
                [
                    0.0,
                    0.0,
                    0.0,
                    1.0
                ]
            ],
            "colmap_im_id": 57
        },
        {
            "file_path": "images/frame_00057.JPG",
            "transform_matrix": [
                [
                    0.9861789437177724,
                    -0.14433389834806915,
                    -0.08135611074374055,
                    -0.3329272758029278
                ],
                [
                    -0.012718652302127775,
                    0.4236351393264553,
                    -0.9057436196912858,
                    1.0553055583194244
                ],
                [
                    0.16519481484391726,
                    0.894260026231467,
                    0.4159443215541953,
                    0.35389509832455335
                ],
                [
                    0.0,
                    0.0,
                    0.0,
                    1.0
                ]
            ],
            "colmap_im_id": 58
        },
        {
            "file_path": "images/frame_00058.JPG",
            "transform_matrix": [
                [
                    0.9848058957178684,
                    -0.14401668151292737,
                    -0.09703887471179182,
                    -0.38310248761838256
                ],
                [
                    -0.015651640100086024,
                    0.48290763427957695,
                    -0.8755314060139018,
                    1.2643105671260957
                ],
                [
                    0.17295194107469322,
                    0.8637473080713517,
                    0.47331618805824655,
                    0.44756327263229284
                ],
                [
                    0.0,
                    0.0,
                    0.0,
                    1.0
                ]
            ],
            "colmap_im_id": 59
        },
        {
            "file_path": "images/frame_00059.JPG",
            "transform_matrix": [
                [
                    0.9801848032712828,
                    -0.16892342867922688,
                    -0.1034535000823597,
                    -0.4616787698158928
                ],
                [
                    0.006921484695070994,
                    0.5511561390832571,
                    -0.8343734196392244,
                    1.4862000191463387
                ],
                [
                    0.197964250524312,
                    0.8171240943663892,
                    0.5414040726853242,
                    0.5970020097317702
                ],
                [
                    0.0,
                    0.0,
                    0.0,
                    1.0
                ]
            ],
            "colmap_im_id": 60
        },
        {
            "file_path": "images/frame_00060.JPG",
            "transform_matrix": [
                [
                    0.9860435760488748,
                    -0.13845422448621333,
                    -0.09245806538462857,
                    -0.510387672356075
                ],
                [
                    -0.009836780180773727,
                    0.5059255749280798,
                    -0.8625210434472698,
                    1.6893711276991372
                ],
                [
                    0.1661965820599874,
                    0.8513928237632811,
                    0.49750271934529633,
                    0.786232964680374
                ],
                [
                    0.0,
                    0.0,
                    0.0,
                    1.0
                ]
            ],
            "colmap_im_id": 61
        },
        {
            "file_path": "images/frame_00061.JPG",
            "transform_matrix": [
                [
                    0.9884895217753185,
                    -0.13542153478397193,
                    -0.06744978322541488,
                    -0.6325751237927171
                ],
                [
                    -0.0018754860731659997,
                    0.43483000562597734,
                    -0.9005106044679885,
                    2.0947856523736332
                ],
                [
                    0.15127771776567536,
                    0.8902717978932424,
                    0.4295709231122873,
                    0.8948993684302956
                ],
                [
                    0.0,
                    0.0,
                    0.0,
                    1.0
                ]
            ],
            "colmap_im_id": 62
        },
        {
            "file_path": "images/frame_00062.JPG",
            "transform_matrix": [
                [
                    0.990284883519952,
                    -0.1250126614729239,
                    -0.06089075416950692,
                    -0.6947496000431538
                ],
                [
                    -0.007576571588642775,
                    0.3887350947435778,
                    -0.9213184149237785,
                    2.334225644758296
                ],
                [
                    0.13884684020472834,
                    0.9128290423656324,
                    0.38401132063912513,
                    0.9945970367101953
                ],
                [
                    0.0,
                    0.0,
                    0.0,
                    1.0
                ]
            ],
            "colmap_im_id": 63
        },
        {
            "file_path": "images/frame_00063.JPG",
            "transform_matrix": [
                [
                    0.9851782412499194,
                    -0.16085263787384962,
                    -0.05958407385148816,
                    -0.789403796106068
                ],
                [
                    0.01241048799662408,
                    0.41328969226713574,
                    -0.9105150246170691,
                    2.6631969027401614
                ],
                [
                    0.17108422707953252,
                    0.8962801231505475,
                    0.4091602718860159,
                    1.2063111268001396
                ],
                [
                    0.0,
